
a =

   0.01279384657179   0.98720615342821
   0.82361520967099   0.17638479032901


b =

  Columns 1 through 9 

   0.05415861759255   0.05035373492823   0.01673522033355   0.01854204678351   0.06886680019205   0.03845750790699   0.05650359441887   0.04726722514535   0.06836471453306
   0.06249429887268   0.05039504087490   0.01261424702848   0.04600125680817   0.04106055376146   0.05465468542761   0.04307029709766   0.05288796676937   0.03138082159076

  Columns 10 through 18 

   0.05758639249771   0.02158071374158   0.02522043738192   0.03435359355843   0.04746809723509   0.01560910867574   0.00480761760859   0.01462832302718   0.04495936594529
   0.04134729278694   0.04259504752334   0.06046407393770   0.00586404930736   0.03318245639202   0.04672462890545   0.06213485020101   0.01038357516525   0.00001470504260

  Columns 19 through 27 

   0.02364358941119   0.00313673145172   0.02888217730670   0.06132338505191   0.05122582384228   0.05132608137119   0.04623651067604   0.02430105552832   0.02446153385497
   0.01772933921265   0.00605134110197   0.05264620295036   0.00145360829177   0.05465160638829   0.06155317571864   0.04783928772157   0.05697250159483   0.00383308952714


a_ =

   0.25909656927023   0.74090343072977
   0.72340540270361   0.27659459729639


b_ =

  Columns 1 through 9 

   0.12095635147481   0.00000000000000   0.00000000000000   0.00000000000000   0.22989730535690   0.00000000000000   0.00000000000000   0.00596084460470   0.10357352559048
   0.00641360774929   0.02632057656572   0.04854684122121   0.06784859736940   0.00000000000000   0.03509410208762   0.02515077316280   0.09010032609237   0.00000000000000

  Columns 10 through 18 

   0.00000000000000   0.00079016354290   0.00000000000000   0.00000000000000   0.00000000000000   0.11913948897402   0.00000000000000   0.00000000000000   0.00000000000000
   0.00175470510438   0.01794489014735   0.06433918716064   0.04445252931099   0.09826348584534   0.00000000000000   0.03333939698324   0.00116980340292   0.10411250285994

  Columns 19 through 27 

   0.00000000000000   0.00000000000000   0.04490181745252   0.00000000000000   0.00000000000000   0.00000000000000   0.00000000000000   0.00000000000000   0.37478050300369
   0.09826348584534   0.14564052366363   0.00000000000000   0.02047155955111   0.03099979017740   0.00175470510438   0.03743370889346   0.00058490170146   0.00000000000000


ans =

  1.0e+004 *

  -1.23769554989960                  0
  -0.95377343757230                  0
  -0.94898242611951                  0
  -0.94616778226261                  0
  -0.94430895380321                  0
  -0.94297378468158                  0
  -0.94193780207400                  0
  -0.94109494795817                  0
  -0.94039234067014                  0
  -0.93979897562412                  0
  -0.93929287955289                  0
  -0.93885611566873                  0
  -0.93847318346961                  0
  -0.93813059576993                  0
  -0.93781661887872                  0
  -0.93752085193590                  0
  -0.93723366893634                  0
  -0.93694569786568                  0
  -0.93664758168975                  0
  -0.93633031831587                  0
  -0.93598648213073                  0
  -0.93561242765609                  0
  -0.93521094854876                  0
  -0.93479291086236                  0
  -0.93437597696061                  0
  -0.93397983878908                  0
  -0.93361994933416                  0
  -0.93330301072669                  0
  -0.93302566933021                  0
  -0.93277454243599                  0
  -0.93252482886922                  0
  -0.93224235826765                  0
  -0.93190496271391                  0
  -0.93152959531701                  0
  -0.93115724556319                  0
  -0.93081636754203                  0
  -0.93051537795729                  0
  -0.93025307553704                  0
  -0.93002569502550                  0
  -0.92982917390326                  0
  -0.92965965842939                  0
  -0.92951358157108                  0
  -0.92938766419098                  0
  -0.92927891932513                  0
  -0.92918466631977                  0
  -0.92910254123564                  0
  -0.92903049219154                  0
  -0.92896675770848                  0
  -0.92890983266149                  0
  -0.92885842646684                  0
  -0.92881140895743                  0
  -0.92876770531505                  0
  -0.92872596912051                  0
  -0.92868337643598                  0
  -0.92863199676174                  0
  -0.92855755575976                  0
  -0.92846748355164                  0
  -0.92839558682291                  0
  -0.92834345856092                  0
  -0.92829787526865                  0
  -0.92825272416342                  0
  -0.92820601825894                  0
  -0.92815690249765                  0
  -0.92810477972149                  0
  -0.92804910897341                  0
  -0.92798936500820                  0
  -0.92792503552699                  0
  -0.92785562900135                  0
  -0.92778068707672                  0
  -0.92769979968224                  0
  -0.92761262142206                  0
  -0.92751888756241                  0
  -0.92741842779440                  0
  -0.92731117637160                  0
  -0.92719717840951                  0
  -0.92707659389849                  0
  -0.92694970253398                  0
  -0.92681691260114                  0
  -0.92667877496022                  0
  -0.92653599903165                  0
  -0.92638946362012                  0
  -0.92624021426775                  0
  -0.92608944223007                  0
  -0.92593844688479                  0
  -0.92578858946435                  0
  -0.92564124728800                  0
  -0.92549777304939                  0
  -0.92535945647297                  0
  -0.92522748136302                  0
  -0.92510287347787                  0
  -0.92498644269914                  0
  -0.92487873129075                  0
  -0.92477998285544                  0
  -0.92469014183497                  0
  -0.92460888397392                  0
  -0.92453566938963                  0
  -0.92446980564149                  0
  -0.92441050900724                  0
  -0.92435695607175                  0
  -0.92430832222971                  0
  -0.92426380717446                  0
  -0.92422264941472                  0
  -0.92418413257040                  0
  -0.92414758614102                  0
  -0.92411238305701                  0
  -0.92407793590067                  0
  -0.92404369337017                  0
  -0.92400913839953                  0
  -0.92397378931610                  0
  -0.92393720544111                  0
  -0.92389899849141                  0
  -0.92385885084235                  0
  -0.92381654093926                  0
  -0.92377197468752                  0
  -0.92372521943075                  0
  -0.92367653439785                  0
  -0.92362638902727                  0
  -0.92357545965004                  0
  -0.92352459703688                  0
  -0.92347476296839                  0
  -0.92342694230127                  0
  -0.92338204513067                  0
  -0.92334081794410                  0
  -0.92330378058213                  0
  -0.92327119687402                  0
  -0.92324306905808                  0
  -0.92321909754294                  0
  -0.92319834102752                  0
  -0.92317735049733                  0
  -0.92314227448611                  0
  -0.92305641335377                  0
  -0.92291899413292                  0
  -0.92281717263032                  0
  -0.92276786554633                  0
  -0.92274527885318                  0
  -0.92273442300959                  0
  -0.92272880174685                  0
