
a =

   0.49571085026953   0.50428914973047
   0.56936818076346   0.43063181923654


b =

  Columns 1 through 9 

   0.04104734647655   0.00747160348753   0.03001293562798   0.01949425114993   0.02814249931857   0.04248189212499   0.01456174384347   0.06771177854434   0.01481393690685
   0.06356204501908   0.01644534690730   0.05821363003608   0.08146579331618   0.00321847861331   0.05802125852649   0.00908110348702   0.02694355513742   0.00511161424309

  Columns 10 through 18 

   0.04398084234761   0.00695361725507   0.03213872637701   0.02715731425651   0.06710560137448   0.06372690369377   0.05792833287268   0.07118798306307   0.03827221239077
   0.05675294511974   0.06616905344797   0.00689554380098   0.02587598762767   0.06539035633923   0.06665507045561   0.04518910189882   0.00996778662074   0.05667992853032

  Columns 19 through 27 

   0.02063088057872   0.00469386090185   0.06068438451987   0.01244488860824   0.05978729243744   0.06419688850227   0.06991790868759   0.00350373895086   0.02995063570199
   0.03851778438729   0.05659300857061   0.01509557982382   0.00706852183663   0.01391645026238   0.05346926099696   0.01251659746123   0.03948896414925   0.04169523338476


a_ =

   0.25964337398902   0.74035662601098
   0.72449916074872   0.27550083925128


b_ =

  Columns 1 through 9 

   0.12093817019360   0.00000000000000   0.00000000000000   0.00000000000000   0.22963613383001   0.00000000000000   0.00000000000000   0.00602970551643   0.10345586237654
   0.00630399652483   0.02634985474429   0.04860084319502   0.06792407000750   0.00000000000000   0.03513313965905   0.02517875008899   0.09012649387252   0.00000000000000

  Columns 10 through 18 

   0.00000000000000   0.00084272385993   0.00000000000000   0.00000000000000   0.00000000000000   0.11900414227128   0.00000000000000   0.00000039262997   0.00000000000000
   0.00175665698295   0.01791250720277   0.06441075604160   0.04450197690147   0.09837279104535   0.00000000000000   0.03337648267610   0.00117072020504   0.10422831432186

  Columns 19 through 27 

   0.00000000000000   0.00000000000000   0.04485080738867   0.00000000000000   0.00000000000000   0.00000000000000   0.00088732292952   0.00000000000000   0.37435473900406
   0.09837279104535   0.14580252958507   0.00000000000000   0.02049433146778   0.03103427336550   0.00175665698295   0.03660651175633   0.00058555232765   0.00000000000006


ans =

  1.0e+004 *

  -1.15722563893494                  0
  -0.95852598055963                  0
  -0.95837993568610                  0
  -0.95818011492841                  0
  -0.95790238656607                  0
  -0.95751050431755                  0
  -0.95694992483365                  0
  -0.95613929725659                  0
  -0.95496067263009                  0
  -0.95325484531617                  0
  -0.95084338621391                  0
  -0.94762124407291                  0
  -0.94373107780520                  0
  -0.93964473543053                  0
  -0.93592772995962                  0
  -0.93292225089356                  0
  -0.93066612916813                  0
  -0.92900701219582                  0
  -0.92776550294679                  0
  -0.92681101892483                  0
  -0.92606151612174                  0
  -0.92546524792524                  0
  -0.92498722410118                  0
  -0.92460180848789                  0
  -0.92428911560353                  0
  -0.92403335318479                  0
  -0.92382202597172                  0
  -0.92364545148684                  0
  -0.92349634744354                  0
  -0.92336940794022                  0
  -0.92326086074925                  0
  -0.92316803254782                  0
  -0.92308896082415                  0
  -0.92302208650635                  0
  -0.92296604476394                  0
  -0.92291955046719                  0
  -0.92288135793282                  0
  -0.92285026705624                  0
  -0.92282514973537                  0
  -0.92280497792176                  0
  -0.92278884329592                  0
  -0.92277596550471                  0
  -0.92276569010970                  0
  -0.92275747919176                  0
  -0.92275089777302                  0
  -0.92274559865287                  0
  -0.92274130745826                  0
  -0.92273780897410                  0
  -0.92273493525937                  0
  -0.92273255567931                  0
  -0.92273056876196                  0
  -0.92272889567469                  0
  -0.92272747507578                  0
  -0.92272625909630                  0
  -0.92272521023039                  0
  -0.92272429894306                  0
  -0.92272350183756                  0
  -0.92272280025523                  0
  -0.92272217920703                  0
  -0.92272162655817                  0
  -0.92272113240529                  0
  -0.92272068859982                  0
  -0.92272028838213                  0
  -0.92271992609965                  0
  -0.92271959698882                  0
  -0.92271929700552                  0
  -0.92271902269238                  0
  -0.92271877107446                  0
  -0.92271853957657                  0
  -0.92271832595732                  0
  -0.92271812825612                  0
  -0.92271794475034                  0
  -0.92271777392033                  0
  -0.92271761442069                  0
  -0.92271746505654                  0
  -0.92271732476372                  0
  -0.92271719259215                  0
  -0.92271706769190                  0
  -0.92271694930113                  0
  -0.92271683673603                  0
  -0.92271672938203                  0
  -0.92271662668626                  0
  -0.92271652815096                  0
  -0.92271643332778                  0
  -0.92271634181276                  0
  -0.92271625324199                  0
  -0.92271616728764                  0
  -0.92271608365454                  0
  -0.92271600207722                  0
  -0.92271592231707                  0
  -0.92271584415997                  0
  -0.92271576741406                  0
  -0.92271569190785                  0
  -0.92271561748836                  0
  -0.92271554401962                  0
  -0.92271547138116                  0
  -0.92271539946664                  0
  -0.92271532818278                  0
  -0.92271525744812                  0
  -0.92271518719214                  0
  -0.92271511735423                  0
  -0.92271504788291                  0
  -0.92271497873502                  0
  -0.92271490987503                  0
  -0.92271484127433                  0
  -0.92271477291063                  0
  -0.92271470476743                  0
  -0.92271463683343                  0
  -0.92271456910208                  0
  -0.92271450157109                  0
  -0.92271443424208                  0
  -0.92271436712008                  0
  -0.92271430021327                  0
  -0.92271423353259                  0
  -0.92271416709139                  0
  -0.92271410090525                  0
  -0.92271403499157                  0
  -0.92271396936941                  0
  -0.92271390405926                  0
  -0.92271383908276                  0
  -0.92271377446252                  0
  -0.92271371022197                  0
  -0.92271364638513                  0
  -0.92271358297648                  0
  -0.92271352002077                  0
  -0.92271345754298                  0
  -0.92271339556800                  0
  -0.92271333412069                  0
  -0.92271327322566                  0
  -0.92271321290722                  0
  -0.92271315318921                  0
  -0.92271309409495                  0
  -0.92271303564720                  0
  -0.92271297786796                  0
  -0.92271292077850                  0
  -0.92271286439927                  0
  -0.92271280874977                  0
