
a =

   0.21528776405425   0.78471223594575
   0.37125922308388   0.62874077691612


b =

  Columns 1 through 9 

   0.05109869012763   0.05970527758949   0.06222349211702   0.04386460951717   0.00280910931038   0.04665210234896   0.00447538178108   0.03360925468480   0.05251008088601
   0.07173010617227   0.03502840865234   0.00146472912547   0.06806895986889   0.02059769475181   0.04226503571244   0.06339354256713   0.06427778983958   0.04724924279914

  Columns 10 through 18 

   0.06691975071295   0.00936585393486   0.02157570759870   0.02338165831866   0.02299365345894   0.06847511333981   0.02409352129559   0.00640097452629   0.06210922827041
   0.01233959064354   0.05445272372544   0.03340174714863   0.00069376003623   0.01779662182331   0.06529381803656   0.02005287498312   0.01734288104536   0.02337900431510

  Columns 19 through 27 

   0.03945022574871   0.05083037090153   0.02643443588481   0.05903949269924   0.01692451244614   0.04161458036002   0.01111111833795   0.06740907747829   0.02492272632455
   0.01334369102711   0.00805793752417   0.06217881520752   0.05907832709316   0.06471853602591   0.01007500822591   0.06367769928421   0.04335661723805   0.01668483712759


a_ =

   0.28076834107745   0.71923165892255
   0.74433679659257   0.25566320340743


b_ =

  Columns 1 through 9 

   0.00663879666574   0.02617551492662   0.04827928308687   0.06747466069973   0.00000000000000   0.03490068656883   0.02501215870766   0.09539519950153   0.00000000000000
   0.12137670839700   0.00000000000000   0.00000000000000   0.00000000000000   0.23120884542588   0.00000000000000   0.00000000000000   0.00000001082037   0.10416440171531

  Columns 10 through 18 

   0.00174503432844   0.01800966324002   0.06398459204285   0.04420753632051   0.09772192239271   0.00000000000000   0.03315565224038   0.00116320779212   0.10353870348751
   0.00000000000000   0.00062524972991   0.00000000000000   0.00000000000000   0.00000000000000   0.11981916729102   0.00000000000000   0.00000015363952   0.00000000000000

  Columns 19 through 27 

   0.09772192239271   0.14483784926062   0.00000000000000   0.02035873383181   0.03082893980246   0.00174503432844   0.03652323027295   0.00058167810948   0.00000000000002
   0.00000000000000   0.00000000000001   0.04515797762224   0.00000000000000   0.00000000000000   0.00000000000000   0.00072889880514   0.00000000000000   0.37691858655363


ans =

  1.0e+004 *

  -1.19498354097965                  0
  -0.95740414383360                  0
  -0.95666611459511                  0
  -0.95559356519778                  0
  -0.95404025783080                  0
  -0.95186176043787                  0
  -0.94900886717307                  0
  -0.94564757308412                  0
  -0.94217015797984                  0
  -0.93901694934728                  0
  -0.93645708996300                  0
  -0.93450445239360                  0
  -0.93299893690708                  0
  -0.93177217756096                  0
  -0.93072775923788                  0
  -0.92981759988846                  0
  -0.92901116958191                  0
  -0.92828660079647                  0
  -0.92762928772542                  0
  -0.92703000955706                  0
  -0.92648277825812                  0
  -0.92598334494416                  0
  -0.92552838081327                  0
  -0.92511510031561                  0
  -0.92474112722476                  0
  -0.92440444231536                  0
  -0.92410331000055                  0
  -0.92383615209809                  0
  -0.92360138759655                  0
  -0.92339727799133                  0
  -0.92322181657799                  0
  -0.92307268693577                  0
  -0.92294729691515                  0
  -0.92284287482697                  0
  -0.92275660021033                  0
  -0.92268573731144                  0
  -0.92262774548485                  0
  -0.92258035271798                  0
  -0.92254159053401                  0
  -0.92250979673289                  0
  -0.92248359587012                  0
  -0.92246186719351                  0
  -0.92244370770622                  0
  -0.92242839550168                  0
  -0.92241535630690                  0
  -0.92240413455474                  0
  -0.92239436927193                  0
  -0.92238577448971                  0
  -0.92237812361236                  0
  -0.92237123709677                  0
  -0.92236497281561                  0
  -0.92235921854575                  0
  -0.92235388610896                  0
  -0.92234890677663                  0
  -0.92234422762812                  0
  -0.92233980861926                  0
  -0.92233562017474                  0
  -0.92233164116531                  0
  -0.92232785717096                  0
  -0.92232425896365                  0
  -0.92232084116875                  0
  -0.92231760108502                  0
  -0.92231453765584                  0
  -0.92231165059310                  0
  -0.92230893965782                  0
  -0.92230640410041                  0
  -0.92230404225900                  0
  -0.92230185130842                  0
  -0.92229982714598                  0
  -0.92229796439446                  0
  -0.92229625649918                  0
  -0.92229469589394                  0
  -0.92229327421090                  0
  -0.92229198251178                  0
  -0.92229081152095                  0
  -0.92228975184521                  0
  -0.92228879416988                  0
  -0.92228792942409                  0
  -0.92228714891295                  0
  -0.92228644441629                  0
  -0.92228580825600                  0
  -0.92228523333578                  0
  -0.92228471315730                  0
  -0.92228424181740                  0
  -0.92228381399060                  0
  -0.92228342490104                  0
  -0.92228307028725                  0
  -0.92228274636253                  0
  -0.92228244977355                  0
  -0.92228217755864                  0
  -0.92228192710720                  0
  -0.92228169612134                  0
  -0.92228148257990                  0
  -0.92228128470555                  0
  -0.92228110093502                  0
  -0.92228092989221                  0
  -0.92228077036452                  0
  -0.92228062128169                  0
  -0.92228048169740                  0
  -0.92228035077305                  0
  -0.92228022776381                  0
  -0.92228011200628                  0
  -0.92228000290808                  0
  -0.92227989993863                  0
  -0.92227980262130                  0
  -0.92227971052658                  0
  -0.92227962326633                  0
  -0.92227954048863                  0
  -0.92227946187343                  0
  -0.92227938712881                  0
  -0.92227931598776                  0
  -0.92227924820527                  0
  -0.92227918355595                  0
  -0.92227912183184                  0
  -0.92227906284062                  0
  -0.92227900640389                  0
  -0.92227895235579                  0
  -0.92227890054178                  0
  -0.92227885081744                  0
  -0.92227880304756                  0
  -0.92227875710520                  0
  -0.92227871287097                  0
  -0.92227867023230                  0
  -0.92227862908279                  0
  -0.92227858932169                  0
  -0.92227855085332                  0
  -0.92227851358672                  0
  -0.92227847743504                  0
  -0.92227844231538                  0
  -0.92227840814823                  0
  -0.92227837485725                  0
  -0.92227834236897                  0
  -0.92227831061245                  0
  -0.92227827951908                  0
  -0.92227824902230                  0
  -0.92227821905740                  0
  -0.92227818956126                  0
