
a =

   0.82081123961670   0.17918876038330
   0.69710244369757   0.30289755630244


b =

  Columns 1 through 9 

   0.00656900581257   0.06071649163748   0.01765873969180   0.05190230650642   0.06565124206862   0.03283130367357   0.00406483589205   0.03183570656081   0.05974160358147
   0.03780341092867   0.03290273023617   0.02977431087232   0.05468132968839   0.06996976473963   0.05291978228128   0.04555327150708   0.07251446959364   0.03967777826603

  Columns 10 through 18 

   0.05497227726548   0.00000278657279   0.03457052882816   0.01588801229731   0.06283430560515   0.01758136320091   0.05884640313391   0.03549993993025   0.02274439363157
   0.05511402994006   0.01102622836845   0.00322065899135   0.02754793167468   0.02635887545760   0.03637869779559   0.01550031809461   0.03799608110927   0.03193309046097

  Columns 19 through 27 

   0.06192694367014   0.06173737736406   0.05582997620601   0.00456262664088   0.02609324165995   0.06772363698673   0.01765214553411   0.03658442866282   0.03397837738499
   0.06395928469627   0.03843016542334   0.01126483476381   0.03151874526361   0.04066638911332   0.02873914439282   0.04914078167959   0.01373007234835   0.04167782231310


a_ =

   0.78727102420302   0.21272897579698
   0.35187859844210   0.64812140155790


b_ =

  Columns 1 through 9 

   0.06058595042480   0.02066706326642   0.02398455945242   0.05504485754558   0.11982607849808   0.02847147804070   0.02040455926259   0.00161008695149   0.06967835797485
   0.06704462378209   0.00113686524805   0.02550282660062   0.00000000000000   0.10331524590408   0.00000000000020   0.00000000000000   0.12620103203739   0.02055728134560

  Columns 10 through 18 

   0.00142357390204   0.01518474545455   0.05219765554636   0.03606387218504   0.07972013851429   0.07444925879465   0.02704790413878   0.00094904926803   0.08446521387225
   0.00000000000000   0.00000007092957   0.00000008974292   0.00000000000000   0.00000000000000   0.03308721027276   0.00000000000000   0.00000000000000   0.00000028313312

  Columns 19 through 27 

   0.01964301798156   0.00657383938211   0.03558934755102   0.01660836219048   0.00000000000000   0.00000000000000   0.00150849217656   0.00047452463401   0.14782801299134
   0.09948301167933   0.18477237838227   0.00000000000000   0.00000000000000   0.04164611057125   0.00235732701347   0.04779169792118   0.00000000000000   0.24710394543609


ans =

  1.0e+004 *

  -1.12565380224967                  0
  -0.95935090176968                  0
  -0.95927014543662                  0
  -0.95920927016168                  0
  -0.95916213746682                  0
  -0.95912470065100                  0
  -0.95909420461061                  0
  -0.95906872031147                  0
  -0.95904686312186                  0
  -0.95902761654240                  0
  -0.95901021860050                  0
  -0.95899408670230                  0
  -0.95897876674761                  0
  -0.95896389792525                  0
  -0.95894918785379                  0
  -0.95893439466710                  0
  -0.95891931382553                  0
  -0.95890376817251                  0
  -0.95888760022806                  0
  -0.95887066601806                  0
  -0.95885282994173                  0
  -0.95883396031666                  0
  -0.95881392533455                  0
  -0.95879258922565                  0
  -0.95876980847481                  0
  -0.95874542796456                  0
  -0.95871927694339                  0
  -0.95869116473488                  0
  -0.95866087611756                  0
  -0.95862816631746                  0
  -0.95859275556746                  0
  -0.95855432319962                  0
  -0.95851250124685                  0
  -0.95846686753599                  0
  -0.95841693824783                  0
  -0.95836215989119                  0
  -0.95830190057196                  0
  -0.95823544032173                  0
  -0.95816196007543                  0
  -0.95808052867360                  0
  -0.95799008708576                  0
  -0.95788942907948                  0
  -0.95777717812293                  0
  -0.95765176194250                  0
  -0.95751138961857                  0
  -0.95735404228947                  0
  -0.95717749816020                  0
  -0.95697942533777                  0
  -0.95675758927247                  0
  -0.95651022744209                  0
  -0.95623662686583                  0
  -0.95593787818696                  0
  -0.95561765872274                  0
  -0.95528274124026                  0
  -0.95494283549546                  0
  -0.95460949685272                  0
  -0.95429424057987                  0
  -0.95400648328589                  0
  -0.95375210915312                  0
  -0.95353313224783                  0
  -0.95334834600202                  0
  -0.95319445995786                  0
  -0.95306721582573                  0
  -0.95296220462654                  0
  -0.95287534057954                  0
  -0.95280307089688                  0
  -0.95274242419538                  0
  -0.95269097652384                  0
  -0.95264678256915                  0
  -0.95260829651149                  0
  -0.95257429390297                  0
  -0.95254379956054                  0
  -0.95251602346276                  0
  -0.95249030507639                  0
  -0.95246606568696                  0
  -0.95244276810519                  0
  -0.95241988373726                  0
  -0.95239686861101                  0
  -0.95237315247113                  0
  -0.95234814768611                  0
  -0.95232128517225                  0
  -0.95229207916846                  0
  -0.95226020956826                  0
  -0.95222559570496                  0
  -0.95218843351989                  0
  -0.95214918588413                  0
  -0.95210853694702                  0
  -0.95206732420631                  0
  -0.95202645254722                  0
  -0.95198679500312                  0
  -0.95194909741633                  0
  -0.95191391072928                  0
  -0.95188156565362                  0
  -0.95185218771653                  0
  -0.95182573843422                  0
  -0.95180206564692                  0
  -0.95178095029592                  0
  -0.95176214324354                  0
  -0.95174539081124                  0
  -0.95173045053924                  0
  -0.95171709964939                  0
  -0.95170513860808                  0
  -0.95169439167615                  0
  -0.95168470576713                  0
  -0.95167594846695                  0
  -0.95166800573206                  0
  -0.95166077956117                  0
  -0.95165418579760                  0
  -0.95164815213621                  0
  -0.95164261636171                  0
  -0.95163752481821                  0
  -0.95163283109600                  0
  -0.95162849491494                  0
  -0.95162448118136                  0
  -0.95162075919552                  0
  -0.95161730198778                  0
  -0.95161408576395                  0
  -0.95161108944235                  0
  -0.95160829426733                  0
  -0.95160568348660                  0
  -0.95160324208115                  0
  -0.95160095653872                  0
  -0.95159881466324                  0
  -0.95159680541381                  0
  -0.95159491876819                  0
  -0.95159314560636                  0
  -0.95159147761090                  0
  -0.95158990718110                  0
  -0.95158842735869                  0
  -0.95158703176318                  0
  -0.95158571453534                  0
  -0.95158447028743                  0
  -0.95158329405938                  0
  -0.95158218127978                  0
  -0.95158112773118                  0
  -0.95158012951910                  0
  -0.95157918304417                  0
