
a =

   0.12266758234426   0.87733241765574
   0.73581427481031   0.26418572518969


b =

  Columns 1 through 9 

   0.01687051108647   0.00068663269627   0.00164521397326   0.03260730291222   0.08957398160094   0.01507208845721   0.00271755896631   0.00251489506371   0.09242087834966
   0.00697627849813   0.07169356803326   0.07979730354116   0.06563627362882   0.01414887646364   0.02848511650769   0.03250503721987   0.07213748352328   0.01001973064432

  Columns 10 through 18 

   0.05758564344764   0.02867528374353   0.02065590343562   0.01249969583460   0.08578784916995   0.04728773046716   0.00200697657643   0.07811099184148   0.01729504035504
   0.01204963678257   0.01225103775438   0.03604268129500   0.02191015479675   0.03554769467599   0.00844345536794   0.01450033913486   0.07990746542642   0.09010106327078

  Columns 19 through 27 

   0.06585708359973   0.04436206069708   0.02659440507116   0.02427617009700   0.08482349371807   0.00124359074253   0.06461873255430   0.05491903914266   0.02929124639994
   0.07919952473163   0.04508256784789   0.00553905203347   0.01692951922220   0.01120496955421   0.03360169629080   0.08083398759606   0.01424185044305   0.02121363571580


a_ =

   0.25964336070248   0.74035663929752
   0.72449914655535   0.27550085344465


b_ =

  Columns 1 through 9 

   0.12093816865140   0.00000000000000   0.00000000000000   0.00000000000000   0.22963613818396                  0   0.00000000000000   0.00602970349138   0.10345586433808
   0.00630400016311   0.02634985425510   0.04860084229274   0.06792406874648   0.00000000000000   0.03513313900680   0.02517874962154   0.09012649429411   0.00000000000000

  Columns 10 through 18 

                  0   0.00084272254895   0.00000000000000   0.00000000000000   0.00000000000000   0.11900414452762   0.00000000000000   0.00000038552511   0.00000000000000
   0.00175665695034   0.01791250816953   0.06441075484580   0.04450197607528   0.09837278921904   0.00000000000000   0.03337648205646   0.00117072714016   0.10422831238684

  Columns 19 through 27 

   0.00000000000000   0.00000000000000   0.04485080823905                  0   0.00000000000000   0.00000000000000   0.00088731839251                  0   0.37435474610197
   0.09837278921904   0.14580252687822   0.00000000000000   0.02049433108730   0.03103427278934   0.00175665695034   0.03660651553569   0.00058555231678   0.00000000000000


ans =

  1.0e+004 *

  -1.14024884929016                  0
  -0.94516164976716                  0
  -0.94101581999356                  0
  -0.93784744718452                  0
  -0.93518482230796                  0
  -0.93290025728204                  0
  -0.93099912236212                  0
  -0.92947528884656                  0
  -0.92827526569583                  0
  -0.92732500470226                  0
  -0.92655754613007                  0
  -0.92592411621522                  0
  -0.92539341288287                  0
  -0.92494634175759                  0
  -0.92457062248791                  0
  -0.92425702437330                  0
  -0.92399740207058                  0
  -0.92378401850639                  0
  -0.92360953809726                  0
  -0.92346723686315                  0
  -0.92335118953595                  0
  -0.92325635321860                  0
  -0.92317855209290                  0
  -0.92311439726139                  0
  -0.92306117623799                  0
  -0.92301673673053                  0
  -0.92297937882386                  0
  -0.92294776184931                  0
  -0.92292082742546                  0
  -0.92289773764833                  0
  -0.92287782635503                  0
  -0.92286056114054                  0
  -0.92284551395891                  0
  -0.92283233844762                  0
  -0.92282075245463                  0
  -0.92281052456168                  0
  -0.92280146366527                  0
  -0.92279341089353                  0
  -0.92278623330806                  0
  -0.92277981897243                  0
  -0.92277407306956                  0
  -0.92276891482742                  0
  -0.92276427507006                  0
  -0.92276009425497                  0
  -0.92275632089038                  0
  -0.92275291025122                  0
  -0.92274982333100                  0
  -0.92274702598135                  0
  -0.92274448820128                  0
  -0.92274218354720                  0
  -0.92274008864010                  0
  -0.92273818275228                  0
  -0.92273644745855                  0
  -0.92273486634090                  0
  -0.92273342473695                  0
  -0.92273210952506                  0
  -0.92273090893984                  0
  -0.92272981241308                  0
  -0.92272881043635                  0
  -0.92272789444159                  0
  -0.92272705669718                  0
  -0.92272629021719                  0
  -0.92272558868177                  0
  -0.92272494636721                  0
  -0.92272435808435                  0
  -0.92272381912412                  0
  -0.92272332520933                  0
  -0.92272287245189                  0
  -0.92272245731467                  0
  -0.92272207657760                  0
  -0.92272172730732                  0
  -0.92272140683004                  0
  -0.92272111270725                  0
  -0.92272084271379                  0
  -0.92272059481832                  0
  -0.92272036716553                  0
  -0.92272015806023                  0
  -0.92271996595293                  0
  -0.92271978942684                  0
  -0.92271962718605                  0
  -0.92271947804491                  0
  -0.92271934091827                  0
  -0.92271921481276                  0
  -0.92271909881881                  0
  -0.92271899210332                  0
  -0.92271889390313                  0
  -0.92271880351905                  0
  -0.92271872031026                  0
  -0.92271864368941                  0
  -0.92271857311812                  0
  -0.92271850810265                  0
  -0.92271844819038                  0
  -0.92271839296607                  0
  -0.92271834204890                  0
  -0.92271829508955                  0
  -0.92271825176746                  0
  -0.92271821178852                  0
  -0.92271817488283                  0
  -0.92271814080268                  0
  -0.92271810932070                  0
  -0.92271808022816                  0
  -0.92271805333346                  0
  -0.92271802846067                  0
  -0.92271800544820                  0
  -0.92271798414773                  0
  -0.92271796442300                  0
  -0.92271794614883                  0
  -0.92271792921028                  0
  -0.92271791350172                  0
  -0.92271789892614                  0
  -0.92271788539436                  0
  -0.92271787282443                  0
  -0.92271786114105                  0
  -0.92271785027502                  0
  -0.92271784016270                  0
  -0.92271783074558                  0
  -0.92271782196989                  0
  -0.92271781378620                  0
  -0.92271780614899                  0
  -0.92271779901643                  0
  -0.92271779235003                  0
  -0.92271778611439                  0
  -0.92271778027692                  0
  -0.92271777480763                  0
  -0.92271776967893                  0
  -0.92271776486543                  0
  -0.92271776034371                  0
  -0.92271775609223                  0
  -0.92271775209115                  0
  -0.92271774832219                  0
  -0.92271774476853                  0
  -0.92271774141461                  0
  -0.92271773824615                  0
  -0.92271773524994                  0
  -0.92271773241383                  0
  -0.92271772972659                  0
  -0.92271772717786                  0
