
a =

   0.31693628198884   0.68306371801116
   0.35999235080389   0.64000764919611


b =

  Columns 1 through 9 

   0.06263993719294   0.04875595098060   0.02958224879578   0.03662850328656   0.05163020649079   0.02493738593355   0.02233324909556   0.03124762283975   0.04979259757138
   0.01285124811472   0.02949583392628   0.00304058834689   0.02935756082478   0.06270556001474   0.01993298398569   0.07631332884659   0.02904336839230   0.02973895408525

  Columns 10 through 18 

   0.05863263256852   0.02398674306424   0.03359914219200   0.04788731603894   0.03927852045738   0.02588283838758   0.04458724827031   0.01327155204149   0.06197071001273
   0.01446398593294   0.07234333093197   0.00712090907086   0.00037156346734   0.07545085902931   0.05768424928069   0.07715692936219   0.04678312094069   0.02052300227589

  Columns 19 through 27 

   0.03351848883558   0.02611254652984   0.04887374322550   0.00280445321580   0.04515144714034   0.03110221247967   0.03150960994101   0.02394941441288   0.05033367899928
   0.05017604874883   0.03837027956799   0.00995086600581   0.02924931254781   0.07379167703536   0.01017980209103   0.07456223612776   0.02590174711430   0.02344065393200


a_ =

   0.25909709353808   0.74090290646192
   0.72340594912203   0.27659405087797


b_ =

  Columns 1 through 9 

   0.12095652299234   0.00000000000000   0.00000000000000   0.00000000000000   0.22989713528549   0.00000000000000   0.00000000000000   0.00596096645384   0.10357344896976
   0.00641335739804   0.02632059558848   0.04854687630765   0.06784864640587   0.00000000000000   0.03509412745131   0.02515079134011   0.09010026785995   0.00000000000000

  Columns 10 through 18 

   0.00000000000000   0.00079051540693   0.00000000000105   0.00000000000000   0.00000000000000   0.11913940083805   0.00000000000000   0.00000000000000   0.00000000000000
   0.00175470637257   0.01794455878534   0.06433923365971   0.04445256143833   0.09826355686367   0.00000000000000   0.03333942107875   0.00116980424838   0.10411257810556

  Columns 19 through 27 

   0.00000000000000   0.00000000000000   0.04490178423542   0.00000000000000   0.00000000000000   0.00000000000000   0.00000000006530   0.00000000000000   0.37478022575182
   0.09826355686367   0.14564062892295   0.00000000000002   0.02047157434660   0.03099981258199   0.00175470637257   0.03743373588427   0.00058490212419   0.00000000000004


ans =

  1.0e+004 *

  -1.12198850059995                  0
  -0.95902296304515                  0
  -0.95900586975353                  0
  -0.95898726359848                  0
  -0.95896584973446                  0
  -0.95894011432929                  0
  -0.95890818326744                  0
  -0.95886763424244                  0
  -0.95881523640040                  0
  -0.95874657931692                  0
  -0.95865553473787                  0
  -0.95853346885760                  0
  -0.95836809141613                  0
  -0.95814180214164                  0
  -0.95782941569096                  0
  -0.95739532548250                  0
  -0.95679076003437                  0
  -0.95595321916897                  0
  -0.95481265690193                  0
  -0.95331081280471                  0
  -0.95143526175239                  0
  -0.94925282827375                  0
  -0.94691315905044                  0
  -0.94461193081853                  0
  -0.94253140058929                  0
  -0.94077592519721                  0
  -0.93934563609484                  0
  -0.93818058046255                  0
  -0.93720935554119                  0
  -0.93636153100542                  0
  -0.93557530383795                  0
  -0.93481197757335                  0
  -0.93406477723898                  0
  -0.93335281250553                  0
  -0.93270162093251                  0
  -0.93212498973185                  0
  -0.93162174569555                  0
  -0.93118367007509                  0
  -0.93080266398225                  0
  -0.93047263815219                  0
  -0.93018848128011                  0
  -0.92994496279547                  0
  -0.92973646207770                  0
  -0.92955709586416                  0
  -0.92940057767220                  0
  -0.92925940004043                  0
  -0.92912434967337                  0
  -0.92898975685455                  0
  -0.92886299135641                  0
  -0.92875429423160                  0
  -0.92866226685382                  0
  -0.92858085007753                  0
  -0.92850584314722                  0
  -0.92843488072695                  0
  -0.92836643669435                  0
  -0.92829932746653                  0
  -0.92823253058815                  0
  -0.92816512035911                  0
  -0.92809624134318                  0
  -0.92802509543791                  0
  -0.92795093643424                  0
  -0.92787307088504                  0
  -0.92779086475753                  0
  -0.92770375478396                  0
  -0.92761126265175                  0
  -0.92751300962097                  0
  -0.92740872912132                  0
  -0.92729827559112                  0
  -0.92718162931986                  0
  -0.92705889897575                  0
  -0.92693032494018                  0
  -0.92679628637788                  0
  -0.92665731249131                  0
  -0.92651409435436                  0
  -0.92636749031027                  0
  -0.92621851775114                  0
  -0.92606832821769                  0
  -0.92591816932155                  0
  -0.92576934190989                  0
  -0.92562316055164                  0
  -0.92548091964707                  0
  -0.92534386018421                  0
  -0.92521312889848                  0
  -0.92508972540957                  0
  -0.92497444197011                  0
  -0.92486780901710                  0
  -0.92477006207689                  0
  -0.92468114011983                  0
  -0.92460071552967                  0
  -0.92452824693279                  0
  -0.92446304200457                  0
  -0.92440431837055                  0
  -0.92435125473261                  0
  -0.92430302883977                  0
  -0.92425884224765                  0
  -0.92421793334296                  0
  -0.92417957950024                  0
  -0.92414308491085                  0
  -0.92410773597399                  0
  -0.92407265764635                  0
  -0.92403634587334                  0
  -0.92399520234340                  0
  -0.92393988506378                  0
  -0.92385318292423                  0
  -0.92373172422254                  0
  -0.92361004427230                  0
  -0.92351162807348                  0
  -0.92343088924570                  0
  -0.92335879413971                  0
  -0.92329041459248                  0
  -0.92322390265049                  0
  -0.92315913603854                  0
  -0.92309687109191                  0
  -0.92303821338923                  0
  -0.92298426486805                  0
  -0.92293589290037                  0
  -0.92289360549023                  0
  -0.92285752113701                  0
  -0.92282741217259                  0
  -0.92280279194193                  0
  -0.92278301599147                  0
  -0.92276737467229                  0
  -0.92275516478699                  0
  -0.92274573696117                  0
  -0.92273852129217                  0
  -0.92273303647240                  0
  -0.92272888793939                  0
  -0.92272575974998                  0
  -0.92272340361924                  0
  -0.92272162736658                  0
  -0.92272028406391                  0
  -0.92271926251478                  0
  -0.92271847927093                  0
  -0.92271787214925                  0
  -0.92271739509055                  0
  -0.92271701415526                  0
  -0.92271670444815                  0
