
a =

   0.55465635418839   0.44534364581161
   0.55444400604224   0.44555599395776


b =

  Columns 1 through 9 

   0.04661823724840   0.00368624302898   0.01563763860692   0.05083404796190   0.00369166777798   0.06109979511472   0.05309154575513   0.05447610315730   0.05600727993406
   0.07600733867482   0.07576097858470   0.07015519604451   0.03554527127065   0.03540055677374   0.02225287115480   0.01993448746753   0.05538514007085   0.04784748373110

  Columns 10 through 18 

   0.07559881872603   0.01552966959476   0.00446326157717   0.01452380815542   0.02232250806196   0.03870661274702   0.04701675712484   0.07270746389765   0.06314068982182
   0.01171546772043   0.06299260541453   0.04140273285536   0.04609067750828   0.00701859491102   0.06797592104550   0.00356682643284   0.01299578875880   0.04700530038185

  Columns 19 through 27 

   0.06471627737852   0.04958706120463   0.03615897077872   0.01018127714926   0.00544203736466   0.04322916324844   0.01821605404866   0.02938659527546   0.04393041525959
   0.00877428064451   0.00882747791905   0.05252591666108   0.03568034127516   0.04468658967442   0.01962566344026   0.00122659555980   0.05822451615296   0.03137537987143


a_ =

   0.76612997455340   0.23387002544660
   0.29306210720644   0.70693789279356


b_ =

  Columns 1 through 9 

   0.07229399341343   0.00000000000000   0.01865457431375   0.05342451680844   0.09243662252549   0.00000394768936   0.02286503310826   0.08720617278499   0.06590927686457
   0.05138315249529   0.03001202120392   0.03195826226970   0.01035735520804   0.14016521727988   0.04001107693676   0.00000000000000   0.00000000000000   0.03271374331507

  Columns 10 through 18 

   0.00000000000000   0.00000000000000   0.00000000000000   0.00437435256190   0.08933062629384   0.03398346880889   0.00000000000000   0.00000000000000   0.00000000001530
   0.00200080141359   0.02134188174501   0.07336271849848   0.04520049755023   0.00000316859609   0.09009652830432   0.03801522685830   0.00133386760906   0.11871421718744

  Columns 19 through 27 

   0.06162536927878   0.12431203561570   0.00427109523305   0.00000000000000   0.02818248266832   0.00159523486800   0.01996262793855   0.00000000000000   0.21956856920937
   0.03475210651807   0.01014985478967   0.04466307283158   0.02334268315861   0.00000000000000   0.00000000000002   0.01764591169824   0.00066693380453   0.14210970072808


ans =

  1.0e+004 *

  -1.13827732718393                  0
  -0.95898086464398                  0
  -0.95894613883624                  0
  -0.95891067568691                  0
  -0.95887048532935                  0
  -0.95882238722858                  0
  -0.95876360074097                  0
  -0.95869156038109                  0
  -0.95860388578648                  0
  -0.95849846211698                  0
  -0.95837359841241                  0
  -0.95822823472858                  0
  -0.95806216814738                  0
  -0.95787626534938                  0
  -0.95767262487165                  0
  -0.95745464417369                  0
  -0.95722693853688                  0
  -0.95699506319269                  0
  -0.95676502398776                  0
  -0.95654262986591                  0
  -0.95633281832303                  0
  -0.95613912622932                  0
  -0.95596344640628                  0
  -0.95580611169062                  0
  -0.95566623450653                  0
  -0.95554216145008                  0
  -0.95543190466419                  0
  -0.95533346468787                  0
  -0.95524502238477                  0
  -0.95516502078460                  0
  -0.95509217401997                  0
  -0.95502543795092                  0
  -0.95496396670576                  0
  -0.95490706884803                  0
  -0.95485416930537                  0
  -0.95480477879551                  0
  -0.95475847038389                  0
  -0.95471486204187                  0
  -0.95467360395571                  0
  -0.95463436946799                  0
  -0.95459684872635                  0
  -0.95456074429776                  0
  -0.95452576816183                  0
  -0.95449163962704                  0
  -0.95445808382504                  0
  -0.95442483053607                  0
  -0.95439161318555                  0
  -0.95435816793078                  0
  -0.95432423282808                  0
  -0.95428954713873                  0
  -0.95425385089912                  0
  -0.95421688495224                  0
  -0.95417839171672                  0
  -0.95413811706014                  0
  -0.95409581374187                  0
  -0.95405124698610                  0
  -0.95400420280925                  0
  -0.95395449970347                  0
  -0.95390200408106                  0
  -0.95384664939836                  0
  -0.95378845799024                  0
  -0.95372756332856                  0
  -0.95366422885037                  0
  -0.95359885817872                  0
  -0.95353199127128                  0
  -0.95346428255646                  0
  -0.95339646066830                  0
  -0.95332927415558                  0
  -0.95326343177998                  0
  -0.95319954791684                  0
  -0.95313810229971                  0
  -0.95307941952769                  0
  -0.95302366899281                  0
  -0.95297088184047                  0
  -0.95292097922301                  0
  -0.95287380557794                  0
  -0.95282916150969                  0
  -0.95278683242326                  0
  -0.95274661077088                  0
  -0.95270831124948                  0
  -0.95267177935106                  0
  -0.95263689430150                  0
  -0.95260356769368                  0
  -0.95257173913107                  0
  -0.95254137005293                  0
  -0.95251243669397                  0
  -0.95248492289900                  0
  -0.95245881329813                  0
  -0.95243408716227                  0
  -0.95241071310365                  0
  -0.95238864465518                  0
  -0.95236781665530                  0
  -0.95234814228249                  0
  -0.95232951053444                  0
  -0.95231178394264                  0
  -0.95229479636937                  0
  -0.95227835086602                  0
  -0.95226221779532                  0
  -0.95224613374091                  0
  -0.95222980213008                  0
  -0.95221289691341                  0
  -0.95219507093217                  0
  -0.95217597051449                  0
  -0.95215525706855                  0
  -0.95213263477675                  0
  -0.95210788109308                  0
  -0.95208087437331                  0
  -0.95205161190992                  0
  -0.95202021304959                  0
  -0.95198690597779                  0
  -0.95195200163757                  0
  -0.95191586178653                  0
  -0.95187886881233                  0
  -0.95184140279531                  0
  -0.95180382793964                  0
  -0.95176648749657                  0
  -0.95172970446273                  0
  -0.95169378461303                  0
  -0.95165901849654                  0
  -0.95162567972479                  0
  -0.95159401823858                  0
  -0.95156424914899                  0
  -0.95153653969035                  0
  -0.95151099797018                  0
  -0.95148766692973                  0
  -0.95146652532560                  0
  -0.95144749540411                  0
  -0.95143045524028                  0
  -0.95141525301505                  0
  -0.95140172077311                  0
  -0.95138968602133                  0
  -0.95137898043776                  0
  -0.95136944567146                  0
  -0.95136093663141                  0
  -0.95135332282426                  0
  -0.95134648829013                  0
  -0.95134033058457                  0
