
a =

   0.00784861805892   0.99215138194108
   0.41586858767828   0.58413141232172


b =

  Columns 1 through 9 

   0.04416567153900   0.00999733866836   0.06553715265096   0.06443989651976   0.01862144742366   0.01131058283467   0.01501896558762   0.00365590185170   0.04623423055782
   0.01984980115490   0.05147089908751   0.06445300276481   0.02448458707123   0.04237828116890   0.01666752255363   0.05148975554446   0.01811335486978   0.02456297765501

  Columns 10 through 18 

   0.02124101288917   0.06611346493977   0.00472965803938   0.01150974754360   0.00943899515263   0.01863284507718   0.04938394304019   0.06520890770638   0.04880104015453
   0.05693189642224   0.01035960288561   0.00989263894495   0.07199968507674   0.04874108487058   0.01743190302159   0.04336933675656   0.02605848697309   0.07452823616493

  Columns 19 through 27 

   0.04028809153537   0.05192695424998   0.05026094195370   0.06623802275405   0.05376825857971   0.01124144507973   0.01999384000173   0.06584280833871   0.06639883533065
   0.06952996467889   0.02998881429415   0.01286064819344   0.01550158357467   0.04844881747449   0.00245319203812   0.07671163324779   0.01801520266692   0.05370709084502


a_ =

   0.26090670452228   0.73909329547772
   0.72572036180739   0.27427963819261


b_ =

  Columns 1 through 9 

   0.12099614907370   0.00000000000000   0.00000000000000   0.00000000000000   0.22924335653679   0.00000000000000   0.00000000000000   0.00618694774650   0.10327890802308
   0.00605439128298   0.02639413537148   0.04868251635185   0.06803821562427   0.00000000000000   0.03519218049531   0.02522106268831   0.09011332819173   0.00000000000000

  Columns 10 through 18 

   0.00000000000000   0.00089949351752   0.00000000000000   0.00000000000000   0.00000000000000   0.11880059362193   0.00000000000000   0.00119397581529   0.00000000000000
   0.00175960902477   0.01788541699513   0.06451899757474   0.04457676196073   0.09853810538687   0.00000000000000   0.03343257147055   0.00000000000000   0.10440346880276

  Columns 19 through 27 

   0.00000000000000   0.00000000000002   0.04470785583255   0.00000000000000   0.00000000000000   0.00000000000000   0.00097828964583   0.00000000000000   0.37371443018677
   0.09853810538687   0.14604754905552   0.00006507761470   0.02052877195560   0.03108642610419   0.00175960902477   0.03657716329451   0.00058653634159   0.00000000000079


ans =

  1.0e+004 *

  -1.12304729698836                  0
  -0.95784550558737                  0
  -0.95740482198873                  0
  -0.95687747248267                  0
  -0.95620137577372                  0
  -0.95528275806172                  0
  -0.95398090920718                  0
  -0.95211109867537                  0
  -0.94951384666794                  0
  -0.94622761708817                  0
  -0.94265591119172                  0
  -0.93946446877089                  0
  -0.93713025494260                  0
  -0.93563823742639                  0
  -0.93469983818548                  0
  -0.93405883546036                  0
  -0.93356413843685                  0
  -0.93313195273759                  0
  -0.93271205666025                  0
  -0.93227239102420                  0
  -0.93179336963033                  0
  -0.93126594406127                  0
  -0.93069028244262                  0
  -0.93007368809980                  0
  -0.92942785407762                  0
  -0.92876635176080                  0
  -0.92810305968217                  0
  -0.92745154744261                  0
  -0.92682493614346                  0
  -0.92623566957620                  0
  -0.92569483478106                  0
  -0.92521104814451                  0
  -0.92478931601279                  0
  -0.92443043558168                  0
  -0.92413127508480                  0
  -0.92388582100184                  0
  -0.92368654786505                  0
  -0.92352564896571                  0
  -0.92339587532222                  0
  -0.92329095990466                  0
  -0.92320573196542                  0
  -0.92313605088048                  0
  -0.92307866030650                  0
  -0.92303102411971                  0
  -0.92299117470043                  0
  -0.92295758507242                  0
  -0.92292906650154                  0
  -0.92290468885827                  0
  -0.92288371971312                  0
  -0.92286557816897                  0
  -0.92284979999206                  0
  -0.92283601128028                  0
  -0.92282390853285                  0
  -0.92281324350505                  0
  -0.92280381163989                  0
  -0.92279544317907                  0
  -0.92278799628842                  0
  -0.92278135170485                  0
  -0.92277540853912                  0
  -0.92277008096152                  0
  -0.92276529556664                  0
  -0.92276098926366                  0
  -0.92275710757591                  0
  -0.92275360326165                  0
  -0.92275043518836                  0
  -0.92274756740821                  0
  -0.92274496839479                  0
  -0.92274261040917                  0
  -0.92274046897074                  0
  -0.92273852241342                  0
  -0.92273675151156                  0
  -0.92273513916318                  0
  -0.92273367012057                  0
  -0.92273233076043                  0
  -0.92273110888665                  0
  -0.92272999356069                  0
  -0.92272897495517                  0
  -0.92272804422687                  0
  -0.92272719340644                  0
  -0.92272641530216                  0
  -0.92272570341583                  0
  -0.92272505186888                  0
  -0.92272445533751                  0
  -0.92272390899539                  0
  -0.92272340846303                  0
  -0.92272294976301                  0
  -0.92272252928003                  0
  -0.92272214372556                  0
  -0.92272179010623                  0
  -0.92272146569549                  0
  -0.92272116800847                  0
  -0.92272089477923                  0
  -0.92272064394037                  0
  -0.92272041360490                  0
  -0.92272020204956                  0
  -0.92272000770009                  0
  -0.92271982911773                  0
  -0.92271966498718                  0
  -0.92271951410551                  0
  -0.92271937537233                  0
  -0.92271924778070                  0
  -0.92271913040894                  0
  -0.92271902241326                  0
  -0.92271892302097                  0
  -0.92271883152435                  0
  -0.92271874727501                  0
  -0.92271866967890                  0
  -0.92271859819150                  0
  -0.92271853231384                  0
  -0.92271847158837                  0
  -0.92271841559560                  0
  -0.92271836395092                  0
  -0.92271831630148                  0
  -0.92271827232366                  0
  -0.92271823172063                  0
  -0.92271819421997                  0
  -0.92271815957176                  0
  -0.92271812754662                  0
  -0.92271809793403                  0
  -0.92271807054077                  0
  -0.92271804518939                  0
  -0.92271802171707                  0
  -0.92271799997423                  0
  -0.92271797982352                  0
  -0.92271796113886                  0
  -0.92271794380434                  0
  -0.92271792771355                  0
  -0.92271791276872                  0
  -0.92271789888001                  0
  -0.92271788596488                  0
  -0.92271787394742                  0
  -0.92271786275793                  0
  -0.92271785233231                  0
  -0.92271784261158                  0
  -0.92271783354157                  0
  -0.92271782507245                  0
  -0.92271781715836                  0
